228 168 157 157 157 157 157 157 157 157 157 157 157 157 168 228
168  95 143 144 144 144 144 144 144 144 144 144 144 143  96 169
157 143 254 255 255 254 252 247 247 252 254 255 255 254 145 157
157 144 255 255 253 230 211 231 231 211 230 233 254 255 146 158
157 144 255 253 225 210 226 252 254 250 208 210 253 255 146 158
157 144 254 230 208 202 204 241 249 195 157 220 230 254 146 158
157 144 252 210 242 230 220 229 187  88 167 250 211 252 146 158
157 144 247 230 254 239 231 165  55  75 214 254 231 247 146 158
157 144 247 230 253 229 158  48  29 115 224 244 229 247 146 158
157 144 252 210 240 154  52  25  44 179 221 206 204 252 146 158
157 144 254 231 212 111  29  26  85 205 232 221 230 254 146 158
157 144 255 253 225 184  94 127 212 247 230 227 253 255 146 158
157 144 255 255 253 229 198 227 231 211 230 253 255 255 146 158
157 143 254 255 255 254 252 247 247 252 254 255 255 254 145 157
168  96 145 146 146 146 146 146 146 146 146 146 146 145  97 169
228 169 157 158 158 158 158 158 158 158 158 158 158 157 169 228
213 142 133 133 133 133 133 133 133 133 133 133 133 133 142 213
142 136 177 178 178 178 178 178 178 178 178 178 178 178 137 142
133 177 254 255 255 254 250 242 242 250 254 255 255 254 179 134
133 178 255 255 253 213 180 215 215 180 212 217 254 255 180 134
133 178 255 253 203 179 206 249 254 248 178 179 252 255 180 134
133 178 254 213 175 163 167 231 247 179 126 199 212 254 180 134
133 178 250 178 233 213 196 210 168  80 152 246 180 250 180 134
133 178 243 213 254 229 214 132  59  72 201 254 215 242 180 134
133 178 243 213 253 215 132  54  44 100 202 237 212 242 180 134
133 178 250 179 232 133  56  42  53 159 198 170 167 250 180 134
133 178 254 214 186  90  44  42  74 173 217 197 212 254 180 134
133 178 255 253 205 149  78  98 194 242 213 207 253 255 180 134
133 178 255 255 253 211 158 207 213 179 213 253 255 255 180 134
133 178 254 255 255 254 250 243 242 250 254 255 255 254 179 134
142 137 179 180 180 180 180 180 180 180 180 180 180 179 137 142
213 142 134 134 134 134 134 134 134 134 134 134 134 134 142 213
190 101  96  97  97  97  97  97  97  97  97  97  97  96 101 190
101 211 240 240 240 240 240 240 240 240 240 240 240 240 212 101
 96 240 254 255 255 254 247 234 234 247 254 255 255 254 240  96
 97 240 255 255 251 185 129 187 187 129 184 193 253 255 240  97
 97 240 255 251 169 128 174 246 254 244 131 129 251 255 240  97
 97 240 254 184 122 102 109 216 244 176 108 168 184 254 240  97
 97 240 247 127 219 186 156 180 163 165 171 242 129 247 240  97
 97 240 235 186 254 213 186 105 194 179 198 254 187 234 240  97
 97 240 235 185 251 193 127 201 222 151 167 225 183 234 240  97
 97 240 247 128 223 145 190 227 209 156 159 112 109 247 240  97
 97 240 254 186 147 130 222 226 157 123 192 157 184 254 240  97
 97 240 255 251 171 109 143 107 174 233 185 175 251 255 240  97
 97 240 255 255 251 182  93 175 186 128 185 251 255 255 240  97
 96 240 254 255 255 254 247 235 235 247 254 255 255 254 240  96
101 212 240 240 240 240 240 240 240 240 240 240 240 240 212 101
190 101  96  97  97  97  97  97  97  97  97  97  97  96 101 190

228 169 158 158 158 158 158 158 158 158 158 158 158 158 169 228
169  96 145 146 146 146 146 146 146 146 146 146 146 145  97 169
157 144 255 255 255 255 252 248 248 252 255 255 255 255 145 158
158 144 255 254 254 230 211 231 230 205 230 254 255 255 146 158
158 144 255 233 211 220 250 255 244 206 221 228 254 255 146 158
158 144 255 230 208 158 167 214 224 222 233 231 231 255 146 158
158 144 252 211 251 196  89  75 116 180 206 247 211 252 146 158
158 144 248 231 255 250 187  55  30  44  85 213 231 248 146 158
158 144 248 231 252 241 229 166  48  26  27 128 227 248 146 158
158 144 252 211 227 204 221 231 158  53  29  94 199 252 146 158
158 144 255 230 211 202 231 240 229 155 111 184 229 255 146 158
158 144 255 254 225 209 242 255 254 241 212 226 254 255 146 158
158 144 255 255 254 231 211 231 231 211 231 254 255 255 146 158
157 144 255 255 255 255 252 248 248 252 255 255 255 255 145 158
169  95 144 144 144 144 144 144 144 144 144 144 144 144  96 169
228 169 157 158 158 158 158 158 158 158 158 158 158 157 169 228
214 142 134 134 134 134 134 134 134 134 134 134 134 134 142 214
142 137 179 180 180 180 180 180 180 180 180 180 180 179 138 142
134 178 255 255 255 255 250 243 243 250 255 255 255 255 179 134
134 179 255 254 253 213 181 215 213 168 213 253 255 255 180 134
134 179 255 218 180 200 247 255 237 170 197 207 253 255 180 134
134 179 255 213 178 126 152 202 202 199 217 213 214 255 180 134
134 179 250 180 248 180  81  73 101 160 174 242 180 250 180 134
134 179 243 215 255 247 168  60  44  54  74 194 213 243 180 134
134 179 243 215 250 232 211 133  55  42  43  99 207 243 180 134
134 179 250 180 207 168 196 214 132  56  44  79 159 250 180 134
134 179 255 213 179 164 214 229 215 134  91 150 211 255 180 134
134 179 255 253 204 176 234 255 253 233 186 205 253 255 180 134
134 179 255 255 253 213 179 213 213 180 214 253 255 255 180 134
134 178 255 255 255 255 250 243 243 250 255 255 255 255 179 134
142 137 178 179 179 179 179 179 179 179 179 179 179 178 137 142
214 142 134 134 134 134 134 134 134 134 134 134 134 134 142 214
190 101  97  97  97  97  97  97  97  97  97  97  97  97 101 190
101 212 240 241 241 241 241 241 241 241 241 241 241 240 212 101
 97 240 255 255 255 254 247 234 234 247 254 255 255 255 240  97
 97 241 255 253 252 185 130 188 184 109 185 252 255 255 241  97
 97 241 255 193 129 168 242 254 226 113 157 175 252 255 241  97
 97 241 254 184 132 108 172 198 167 160 192 185 186 254 241  97
 97 241 247 130 245 176 166 180 152 157 123 233 128 247 241  97
 97 241 234 188 255 244 163 195 223 210 157 174 186 235 241  97
 97 241 234 187 247 216 181 106 202 228 226 107 175 235 241  97
 97 241 247 129 175 109 157 187 128 190 222 144  94 247 241  97
 97 241 254 186 129 102 186 213 193 146 130 110 182 254 241  97
 97 241 255 252 169 122 219 255 252 223 147 172 252 255 241  97
 97 241 255 255 252 185 128 186 185 129 186 252 255 255 241  97
 97 240 255 255 255 254 247 235 235 247 254 255 255 255 240  97
101 212 240 241 241 241 241 241 241 241 241 241 241 240 212 101
190 101  97  97  97  97  97  97  97  97  97  97  97  97 101 190

228 169 157 158 158 158 158 158 158 158 158 158 158 157 169 228
169  97 145 146 146 146 146 146 146 146 146 146 146 145  96 168
157 145 254 255 255 254 252 247 247 252 254 255 255 254 143 157
158 146 255 255 253 230 211 231 227 198 229 253 255 255 144 157
158 146 255 253 227 230 247 212 127  94 184 225 253 255 144 157
158 146 254 230 221 232 205  85  26  29 111 212 231 254 144 157
158 146 252 204 206 221 179  44  25  52 154 240 210 252 144 157
158 146 247 229 244 224 115  29  48 158 229 253 230 247 144 157
158 146 247 231 254 214  75  55 165 231 239 254 230 247 144 157
158 146 252 211 250 167  88 187 229 220 230 242 210 252 144 157
158 146 254 230 220 157 195 249 241 204 202 208 230 254 144 157
158 146 255 253 210 208 250 254 252 226 210 225 253 255 144 157
158 146 255 254 233 230 211 231 231 211 230 253 255 255 144 157
157 145 254 255 255 254 252 247 247 252 254 255 255 254 143 157
169  96 143 144 144 144 144 144 144 144 144 144 144 143  95 168
228 168 157 157 157 157 157 157 157 157 157 157 157 157 168 228
213 142 134 134 134 134 134 134 134 134 134 134 134 134 142 213
142 137 179 180 180 180 180 180 180 180 180 180 180 179 137 142
134 179 254 255 255 254 250 242 243 250 254 255 255 254 178 133
134 180 255 255 253 213 179 213 207 158 211 253 255 255 178 133
134 180 255 253 207 213 242 194  98  78 149 205 253 255 178 133
134 180 254 212 197 217 173  74  42  44  90 186 214 254 178 133
134 180 250 167 170 198 159  53  42  56 133 232 179 250 178 133
134 180 242 212 237 202 100  44  54 132 215 253 213 243 178 133
134 180 242 215 254 201  72  59 132 214 229 254 213 243 178 133
134 180 250 180 246 152  80 168 210 196 213 233 178 250 178 133
134 180 254 212 199 126 179 247 231 167 163 175 213 254 178 133
134 180 255 252 179 178 248 254 249 206 179 203 253 255 178 133
134 180 255 254 217 212 180 215 215 180 213 253 255 255 178 133
134 179 254 255 255 254 250 242 242 250 254 255 255 254 177 133
142 137 178 178 178 178 178 178 178 178 178 178 178 177 136 142
213 142 133 133 133 133 133 133 133 133 133 133 133 133 142 213
190 101  96  97  97  97  97  97  97  97  97  97  97  96 101 190
101 212 240 240 240 240 240 240 240 240 240 240 240 240 212 101
 96 240 254 255 255 254 247 235 235 247 254 255 255 254 240  96
 97 240 255 255 251 185 128 186 175  93 182 251 255 255 240  97
 97 240 255 251 175 185 233 174 107 143 109 171 251 255 240  97
 97 240 254 184 157 192 123 157 226 222 130 147 186 254 240  97
 97 240 247 109 112 159 156 209 227 190 145 223 128 247 240  97
 97 240 234 183 225 167 151 222 201 127 193 251 185 235 240  97
 97 240 234 187 254 198 179 194 105 186 213 254 186 235 240  97
 97 240 247 129 242 171 165 163 180 156 186 219 127 247 240  97
 97 240 254 184 168 108 176 244 216 109 102 122 184 254 240  97
 97 240 255 251 129 131 244 254 246 174 128 169 251 255 240  97
 97 240 255 253 193 184 129 187 187 129 185 251 255 255 240  97
 96 240 254 255 255 254 247 234 234 247 254 255 255 254 240  96
101 212 240 240 240 240 240 240 240 240 240 240 240 240 211 101
190 101  96  97  97  97  97  97  97  97  97  97  97  96 101 190

228 169 157 158 158 158 158 158 158 158 158 158 158 157 169 228
169  96 144 144 144 144 144 144 144 144 144 144 144 144  95 169
158 145 255 255 255 255 252 248 248 252 255 255 255 255 144 157
158 146 255 255 254 231 211 231 231 211 231 254 255 255 144 158
158 146 255 254 226 212 241 254 255 242 209 225 254 255 144 158
158 146 255 229 184 111 155 229 240 231 202 211 230 255 144 158
158 146 252 199  94  29  53 158 231 221 204 227 211 252 144 158
158 146 248 227 128  27  26  48 166 229 241 252 231 248 144 158
158 146 248 231 213  85  44  30  55 187 250 255 231 248 144 158
158 146 252 211 247 206 180 116  75  89 196 251 211 252 144 158
158 146 255 231 231 233 222 224 214 167 158 208 230 255 144 158
158 146 255 254 228 221 206 244 255 250 220 211 233 255 144 158
158 146 255 255 254 230 205 230 231 211 230 254 254 255 144 158
158 145 255 255 255 255 252 248 248 252 255 255 255 255 144 157
169  97 145 146 146 146 146 146 146 146 146 146 146 145  96 169
228 169 158 158 158 158 158 158 158 158 158 158 158 158 169 228
214 142 134 134 134 134 134 134 134 134 134 134 134 134 142 214
142 137 178 179 179 179 179 179 179 179 179 179 179 178 137 142
134 179 255 255 255 255 250 243 243 250 255 255 255 255 178 134
134 180 255 255 253 214 180 213 213 179 213 253 255 255 179 134
134 180 255 253 205 186 233 253 255 234 176 204 253 255 179 134
134 180 255 211 150  91 134 215 229 214 164 179 213 255 179 134
134 180 250 159  79  44  56 132 214 196 168 207 180 250 179 134
134 180 243 207  99  43  42  55 133 211 232 250 215 243 179 134
134 180 243 213 194  74  54  44  60 168 247 255 215 243 179 134
134 180 250 180 242 174 160 101  73  81 180 248 180 250 179 134
134 180 255 214 213 217 199 202 202 152 126 178 213 255 179 134
134 180 255 253 207 197 170 237 255 247 200 180 218 255 179 134
134 180 255 255 253 213 168 213 215 181 213 253 254 255 179 134
134 179 255 255 255 255 250 243 243 250 255 255 255 255 178 134
142 138 179 180 180 180 180 180 180 180 180 180 180 179 137 142
214 142 134 134 134 134 134 134 134 134 134 134 134 134 142 214
190 101  97  97  97  97  97  97  97  97  97  97  97  97 101 190
101 212 240 241 241 241 241 241 241 241 241 241 241 240 212 101
 97 240 255 255 255 254 247 235 235 247 254 255 255 255 240  97
 97 241 255 255 252 186 129 185 186 128 185 252 255 255 241  97
 97 241 255 252 172 147 223 252 255 219 122 169 252 255 241  97
 97 241 254 182 110 130 146 193 213 186 102 129 186 254 241  97
 97 241 247  94 144 222 190 128 187 157 109 175 129 247 241  97
 97 241 235 175 107 226 228 202 106 181 216 247 187 234 241  97
 97 241 235 186 174 157 210 223 195 163 244 255 188 234 241  97
 97 241 247 128 233 123 157 152 180 166 176 245 130 247 241  97
 97 241 254 186 185 192 160 167 198 172 108 132 184 254 241  97
 97 241 255 252 175 157 113 226 254 242 168 129 193 255 241  97
 97 241 255 255 252 185 109 184 188 130 185 252 253 255 241  97
 97 240 255 255 255 254 247 234 234 247 254 255 255 255 240  97
101 212 240 241 241 241 241 241 241 241 241 241 241 240 212 101
190 101  97  97  97  97  97  97  97  97  97  97  97  97 101 190
